month,monthf,tweets,replies,retweets,likes,replies_rate,retweets_rate,likes_rate
01,Jan,182,4586791,4279069,18713894,25202,23511,102823
02,Feb,163,4244243,3536122,15575026,26038,21694,95552
03,Mar,159,3491347,3107643,13534115,21958,19544,85120
04,Apr,215,4117869,4399409,19138240,19152,20462,89015
05,May,235,4185863,4748876,20555293,17812,20207,87469
06,Jun,317,5672295,6218503,26914406,17893,19616,84903
07,Jul,263,5294684,5452777,23279766,20131,20732,88516
08,Aug,334,6546470,6752202,27906604,19600,20216,83552
09,Sep,265,4610277,5021467,20680955,17397,18948,78041
10,Oct,319,4225105,6302830,25229666,13244,19758,79089
11,Nov,257,4867844,5613069,22943834,18941,21840,89275
12,Dec,229,5903478,4839619,20974227,25779,21133,91590
