week,tweets,replies,retweets,likes,replies_rate,retweets_rate,likes_rate
01,50,1487432,1377119,5755382,29748,27542,115107
02,52,1164408,1052816,4723449,22392,20246,90835
03,47,1176105,1080229,4683304,25023,22983,99644
04,31,705596,734436,3369041,22761,23691,108678
05,18,583571,504785,2237608,32420,28043,124311
06,40,1009798,974119,4150553,25244,24352,103763
07,36,1158221,780873,3469439,32172,21690,96373
08,53,1237033,990363,4533405,23340,18686,85535
09,39,703872,713254,3185018,18048,18288,81667
10,44,678891,803256,3523129,15429,18255,80071
11,40,966344,788957,3391882,24158,19723,84797
12,32,998038,641528,2797405,31188,20047,87418
13,26,590634,602375,2528117,22716,23168,97235
14,52,1012168,999219,4249381,19464,19215,81718
15,44,1191988,983340,4197140,27090,22348,95389
16,66,1019638,1214949,5358367,15449,18408,81187
17,42,627964,930828,4129579,14951,22162,98323
18,44,742295,812937,3703422,16870,18475,84168
19,42,701294,1061303,4572529,16697,25269,108869
20,53,951212,1036483,4637644,17947,19556,87502
21,66,1118247,1248608,5180949,16943,18918,78499
22,57,1192646,1126943,4806745,20923,19770,84328
23,85,1314136,1539247,6699539,15460,18108,78818
24,66,1202545,1380286,6175352,18220,20913,93565
25,83,1670088,1706708,7026062,20121,20562,84651
26,67,1186810,1331762,5851213,17713,19877,87331
27,41,884120,984871,4253144,21563,24021,103735
28,53,932741,1066058,4754679,17598,20114,89710
29,56,1646998,1302759,5366717,29410,23263,95834
30,81,1375752,1516322,6433523,16984,18720,79426
31,82,1384687,1436378,6190493,16886,17516,75493
32,46,1015806,1076504,4481990,22082,23402,97434
33,93,1576570,1830330,7513834,16952,19680,80793
34,76,1769832,1546168,6390130,23287,20344,84080
35,82,1543340,1693669,6835680,18821,20654,83361
36,66,1412633,1356057,5576410,21403,20546,84491
37,73,1247785,1259645,5126558,17092,17255,70226
38,68,841693,1140149,4786835,12377,16766,70394
39,41,726908,890435,3652652,17729,21717,89089
40,51,736321,1114236,4881785,14437,21847,95721
41,59,477844,862617,3867387,8099,14620,65548
42,88,1127570,1743638,6833603,12813,19814,77654
43,80,1189529,1658148,6325289,14869,20726,79066
44,88,1183925,1763358,6453384,13453,20038,73333
45,66,1268585,1487034,6056111,19220,22530,91759
46,52,1090022,1172727,4897257,20961,22552,94178
47,42,1032119,1084777,4562748,24574,25828,108636
48,55,1069532,1142625,4904328,19446,20775,89169
49,71,1629017,1473412,6445621,22943,20752,90783
50,54,1446260,1184864,4991038,26782,21941,92426
51,85,2287407,1776157,7639662,26910,20895,89878
52,14,458296,291925,1289514,32735,20851,92108
